10
44
67
122
181
231
315
326
336
346
362
378
379
454
463
577
629
634
746
759
848
902
946
947
957
1006
1071
1076
1077
1211
1220
1300
1335
1455
1468
1519
1533
1535
1539
1561
1605
1700
1727
1795
1906
1959
1991
2078
2079
2178
2181
2188
2301
2329
2334
2341
2357
2358
2394
2439
2472
2481
2494
2533
2632
2633
2652
2656
2670
2689
2812
2813
2815
2821
2841
2843
2844
2855
2857
2864
2871
2937
2951
2959
2971
2984
3016
3024
3079
3086
3100
3103
3145
3148
3149
3152
3190
3198
3207
3288
3289
3293
3301
3358
3361
3445
3606
3616
3624
3642
3648
3657
3676
3704
3718
3719
